loss 0.2646512985229492
output tensor([[0.5425, 0.3211, 0.2313],
        [0.3620, 0.4172, 0.5731],
        [0.6366, 0.5951, 0.6167],
        ...,
        [0.5901, 0.6174, 0.6287],
        [0.2510, 0.4793, 0.3990],
        [0.4839, 0.4679, 0.4909]], device='cuda:0', grad_fn=<AddmmBackward>)
gt tensor([[0.8905, 0.3984, 0.0935],
        [0.4213, 0.5552, 0.3057],
        [0.1597, 0.5482, 0.1137],
        ...,
        [0.8700, 0.1326, 0.8889],
        [0.3367, 0.1376, 0.6383],
        [0.5697, 0.6430, 0.7579]], device='cuda:0')
